111111111111111111111111111111111111111111111111111111111111
111111111111111111111111111111111111111111111111111111111111
111111111111111111111111111111111111111111111111111111111111
111111111111111111111111111111111111111111111111111111111111
111111111111111111111111111111111111111111111111111111111111
111111111111111111111111111111111111111111111111111111111111
111111111111188888888888111111111111111111888811111111111111
111111111111118888888888881111111111111188888111111111111111
111111111111111888811118888111111111118888811111111111111111
111111111111111118888111888811111111188881111111111111117111
111111111111111111888811188888111118888811111111111111111111
111111111111111111188888111888811888881111111111111111111111
111111111111111111111888811188888888111111111111111111111111
111111111111111111111188881118888811111111111111111111111111
111111111111111111111118888811188881111111111111111111111111
111111111111111111111111188881118888811111111111111111111111
111111111111111111111111188888811188881111111111111111111111
111111111111111111111118888888881118888111111111111111111111
111111111111111111111888881118888111888881111111111111111111
111111111111111111118888111111888881118888111111111111111111
111111111111111111888881111111118888111888811111111111111111
111111111111111188888111111111111888811118888111111111111111
111111111111118888811111111111111188888888888811111111111111
111111111111188881111111111111111111888888888881111111111111
111111111111111111111111111111111111111111111111111111111111
111111111111111111111111111111111111111111111111111111111111
111111111111111111111111111111111111111111111111111111111111
111111111111111111111111111111111111111111111111111111111111
111111111111111111111111111111111111111111111111111111111111
111111111111111111111111111111111111111111111111111111111111
is a prime, with 1800 digits.
